200	4	12	0.0	15.316648483276367	15.316648483276367
200	5	15	0.0	19.91103172302246	19.91003108024597
200	6	18	0.0	25.750357151031494	25.750357151031494
200	7	21	0.0	30.727226972579956	30.727226972579956
200	8	24	0.0	35.700830698013306	35.69982576370239
200	9	27	0.0	50.66976022720337	50.66976022720337
200	10	30	0.0	68.8356990814209	68.83470249176025
200	11	33	0.0	70.83099818229675	70.83099818229675
200	12	36	0.0	80.17473673820496	80.17362356185913
200	13	39	0.0	85.78781318664551	85.77725839614868
200	14	42	0.0	94.22529244422913	94.22529244422913
200	15	45	0.0	102.10508918762207	102.10508918762207
200	16	48	0.0	114.70176672935486	114.70076656341553
200	17	51	0.0	160.7804036140442	160.7782084941864
200	18	54	0.0	143.51810789108276	143.51659750938416
200	19	57	0.0	137.19292545318604	137.19141745567322
200	20	60	0.0	136.9180634021759	136.9180634021759
200	21	63	0.0	144.96341466903687	144.96240997314453
200	22	66	0.0	151.99019169807434	151.98868083953857
200	23	69	0.0	163.90801882743835	163.90651297569275
200	24	72	0.0	163.40724444389343	163.40600395202637
200	25	75	0.0	171.02478551864624	171.02277755737305
200	26	78	0.0	186.1177499294281	186.11724376678467
200	27	81	0.0	169.10877060890198	169.10776591300964
200	28	84	0.0	138.39262461662292	138.39126443862915
200	29	87	0.0	146.44414830207825	146.44284844398499
200	30	90	0.0	152.75883722305298	152.7567937374115
200	31	93	0.0	154.1506154537201	154.14855527877808
200	32	96	0.0	159.43029975891113	159.42897272109985
200	33	99	0.0	164.19501900672913	164.19301891326904
200	34	102	0.0	167.79228281974792	167.7907772064209
200	35	105	0.0	172.34000396728516	172.33900094032288
200	36	108	0.0	177.91069436073303	177.9091920852661
200	37	111	0.0	182.33769035339355	182.33668303489685
200	38	114	0.0	190.061203956604	190.06020617485046
200	39	117	0.0	204.39020013809204	204.3885567188263
200	40	120	0.0	211.25752472877502	211.2549660205841
200	41	123	0.0	215.91265869140625	215.90983629226685
200	42	126	0.0	220.57974243164062	220.57813954353333
200	43	129	0.0	225.69543147087097	225.69333624839783
200	44	132	0.0	235.88535141944885	235.88272094726562
200	45	135	0.0	235.99945044517517	235.99645042419434
200	46	138	0.0	241.12974762916565	241.1277482509613
200	47	141	0.0	245.65416407585144	245.6511640548706
200	48	144	0.0	249.86455488204956	249.86255550384521
200	49	147	0.0	257.8872561454773	257.8852393627167
200	50	150	0.0	260.20317339897156	260.2001733779907
200	51	153	0.0	265.8346335887909	265.8326418399811
200	52	156	0.0	270.2046754360199	270.2026195526123
200	53	159	0.0	275.1808023452759	275.17724561691284
200	54	162	0.0	279.9621102809906	279.96011114120483
200	55	165	0.0	284.26916456222534	284.26712560653687
200	56	168	0.0	290.0485692024231	290.0375134944916
200	57	171	0.0	293.50430703163147	293.501309633255
200	58	174	0.0	300.7932469844818	300.79060339927673
200	59	177	0.0	303.64514231681824	303.6431427001953
200	60	180	0.0	307.83052611351013	307.8278880119324
200	61	183	0.0	311.9009919166565	311.89898109436035
200	62	186	0.0	321.3722062110901	321.37020611763
200	63	189	0.0	323.3215672969818	323.3195674419403
200	64	192	0.0	326.66474771499634	326.66175174713135
200	65	195	0.0	333.164932012558	333.1634204387665
200	66	198	0.0	339.75968623161316	339.75606966018677
200	67	201	0.0	340.2725365161896	340.2706654071808
200	68	204	0.0	344.79791259765625	344.79390716552734
200	69	207	0.0	351.1124801635742	351.1099624633789
200	70	210	0.0	353.309930562973	353.30493116378784
200	71	213	0.0	359.1774938106537	359.1734941005707
200	72	216	0.0	364.8274772167206	364.8244774341583
200	73	219	0.0	368.2356388568878	368.2336392402649
200	74	222	0.0	373.5292458534241	373.52418637275696
200	75	225	0.0	376.17169213294983	376.14775109291077
200	76	228	0.0	382.74026441574097	382.7372558116913
200	77	231	0.0	384.5213203430176	384.51931500434875
200	78	234	0.0	388.69245886802673	388.6879098415375
200	79	237	0.0	391.6962821483612	391.6932771205902
200	80	240	0.0	397.35561418533325	397.35001015663147
200	81	243	0.0	398.0219223499298	398.01687812805176
200	82	246	0.0	405.57507371902466	405.57006907463074
200	83	249	0.0	407.59895277023315	407.59619140625
200	84	252	0.0	412.85436940193176	412.8493449687958
200	85	255	0.0	413.1116487979889	413.10664343833923
200	86	258	0.0	417.33609080314636	417.333532333374
200	87	261	0.0	421.8983645439148	421.89435291290283
200	88	264	0.0	424.4121468067169	424.39793586730957
200	89	267	0.0	431.300119638443	431.296541929245
200	90	270	0.0	432.97883462905884	432.97332096099854
200	91	273	0.0	437.70188641548157	437.697368144989
200	92	276	0.0	440.7156057357788	440.71262383461
200	93	279	0.0	443.38739705085754	443.38353538513184
200	94	282	0.0	447.53061985969543	447.5265474319458
200	95	285	0.0	450.0119526386261	450.00894570350647
200	96	288	0.0	464.25790071487427	464.2538185119629
200	97	291	0.0	457.17704916000366	457.1730446815491
200	98	294	0.0	467.8293659687042	467.8253376483917
200	99	297	0.0	472.908846616745	472.9033329486847
200	4	12	0.5	39.92868375778198	39.92868375778198
200	5	15	0.5	50.88175415992737	50.88175415992737
200	6	18	0.5	83.01688575744629	83.01688575744629
200	7	21	0.5	105.38640570640564	105.38640570640564
200	8	24	0.5	123.4991865158081	123.49818539619446
600	2	6	0	29.254600763320923	29.25360655784607
600	4	12	0	82.32877135276794	82.32877135276794
600	8	24	0	194.09554839134216	194.09554839134216
600	16	48	0	435.19459104537964	435.19359064102173
600	32	96	0	875.0295600891113	875.0275619029999
600	64	192	0	1719.5923957824707	1719.5893828868866
600	128	384	0	3214.6486825942993	3214.6426746845245
600	256	768	0	5714.843364238739	5714.828388214111
600	512	1536	0	11042.889192819595	11042.841227769852
200	50	150	0	386.57265853881836	386.5696597099304
400	50	150	0	888.8949863910675	888.8929860591888
600	50	150	0	1397.8944809436798	1397.892478466034
200	50	150	0.5	953.8538334369659	953.8518333435059
400	50	150	0.5	2171.7310359477997	2171.7290461063385
600	50	150	0.5	3621.0771083831787	3621.075108528137
200	50	150	1	163.5028040409088	163.50080394744873
400	50	150	1	395.9682252407074	395.96622252464294
600	50	150	1	745.2970726490021	745.2950723171234
200	100	300	0	720.0169565677643	720.0119559764862
400	100	300	0	1762.4303786754608	1762.4263808727264
600	100	300	0	2688.462769508362	2688.4567694664
200	100	300	0.5	1723.48699259758	1723.4829924106598
400	100	300	0.5	4367.722527980804	4367.717528581619
600	100	300	0.5	7020.41538643837	7020.411385297775
200	100	300	1	354.6551036834717	354.65010476112366
400	100	300	1	816.7579493522644	816.7509181499481
600	100	300	1	1459.3299679756165	1459.3249492645264
200	150	450	0	962.8433470726013	962.8353173732758
400	150	450	0	2277.8212122917175	2277.8142104148865
600	150	450	0	3810.1304545402527	3810.1224546432495
